/home/ace428/Soham/yolov4-pytorch/VOCdevkit/VOC2007/JPEGImages/000000000136.jpg 0,114,54,372,0 0,61,68,374,0 82,116,267,369,23 316,131,444,296,23
/home/ace428/Soham/yolov4-pytorch/VOCdevkit/VOC2007/JPEGImages/000000000387.jpg 249,50,624,327,63 152,50,623,362,63
/home/ace428/Soham/yolov4-pytorch/VOCdevkit/VOC2007/JPEGImages/000000000072.jpg 136,129,425,628,23 50,72,283,640,23
/home/ace428/Soham/yolov4-pytorch/VOCdevkit/VOC2007/JPEGImages/000000000474.jpg 3,42,332,471,0
/home/ace428/Soham/yolov4-pytorch/VOCdevkit/VOC2007/JPEGImages/000000000294.jpg 27,69,392,427,0 415,349,430,373,44 507,312,639,422,68 608,251,616,292,42 445,329,463,363,43 454,320,470,365,43 401,323,424,348,44 383,341,419,381,44 402,111,416,226,44 420,114,434,217,44 328,256,347,323,44 461,335,477,368,43 466,325,480,357,43 469,335,484,368,43 0,0,53,53,74 403,367,436,388,44 392,299,409,331,44 388,387,403,410,44 401,355,422,380,44 623,50,628,73,44
/home/ace428/Soham/yolov4-pytorch/VOCdevkit/VOC2007/JPEGImages/000000000030.jpg 204,31,459,355,58 237,155,403,351,75
/home/ace428/Soham/yolov4-pytorch/VOCdevkit/VOC2007/JPEGImages/000000000488.jpg 180,210,285,341,0 112,245,239,356,0 209,197,234,268,0 546,216,590,265,0 34,208,125,360,0 224,181,228,189,0
/home/ace428/Soham/yolov4-pytorch/VOCdevkit/VOC2007/JPEGImages/000000000643.jpg 66,252,113,368,39 358,122,364,169,73 403,116,451,179,73 332,123,338,171,73 337,122,342,171,73 342,124,349,171,73 332,256,361,313,73 347,121,356,170,73 331,122,403,171,73 290,338,412,370,73 154,72,194,95,45 98,357,134,374,64 87,90,142,95,73 86,94,141,100,73 88,100,142,105,73 88,104,142,110,73 205,47,233,113,39
/home/ace428/Soham/yolov4-pytorch/VOCdevkit/VOC2007/JPEGImages/000000000514.jpg 37,225,360,624,59
/home/ace428/Soham/yolov4-pytorch/VOCdevkit/VOC2007/JPEGImages/000000000036.jpg 0,50,457,480,25 167,162,478,628,0
/home/ace428/Soham/yolov4-pytorch/VOCdevkit/VOC2007/JPEGImages/000000000321.jpg 78,43,294,422,48
/home/ace428/Soham/yolov4-pytorch/VOCdevkit/VOC2007/JPEGImages/000000000078.jpg 359,2,573,237,74
/home/ace428/Soham/yolov4-pytorch/VOCdevkit/VOC2007/JPEGImages/000000000562.jpg 139,159,218,278,79 188,57,266,279,79 63,81,146,264,79 63,77,372,604,41
/home/ace428/Soham/yolov4-pytorch/VOCdevkit/VOC2007/JPEGImages/000000000415.jpg 0,257,122,559,0
/home/ace428/Soham/yolov4-pytorch/VOCdevkit/VOC2007/JPEGImages/000000000009.jpg 1,187,612,473,45 311,4,631,232,45 249,229,565,474,50 0,13,434,388,45 376,40,451,86,49 465,38,523,85,49 385,73,469,144,49 364,2,458,73,49
/home/ace428/Soham/yolov4-pytorch/VOCdevkit/VOC2007/JPEGImages/000000000283.jpg 63,42,145,354,39 0,142,59,228,56 148,67,428,356,56 0,210,424,630,60
/home/ace428/Soham/yolov4-pytorch/VOCdevkit/VOC2007/JPEGImages/000000000397.jpg 477,0,621,98,56 4,44,635,456,53 0,294,36,366,41 479,315,630,473,41 595,404,639,456,42 1,349,504,479,60 3,0,229,205,0
/home/ace428/Soham/yolov4-pytorch/VOCdevkit/VOC2007/JPEGImages/000000000113.jpg 92,381,248,444,56 11,577,82,639,56 4,31,156,486,0 70,458,121,519,41 347,159,368,178,41 253,363,301,450,43 142,424,402,573,55 341,100,416,428,0 19,392,415,639,60 148,44,343,431,0 282,95,308,122,41 346,67,369,89,41 343,98,367,123,41 379,96,397,120,41 195,140,215,162,41 176,137,199,161,41 174,106,194,132,41 140,138,159,160,41
/home/ace428/Soham/yolov4-pytorch/VOCdevkit/VOC2007/JPEGImages/000000000307.jpg 406,197,577,365,16 384,49,432,65,2 351,366,421,473,29
/home/ace428/Soham/yolov4-pytorch/VOCdevkit/VOC2007/JPEGImages/000000000438.jpg 189,272,336,376,54 37,226,158,303,54 168,212,315,320,54 178,142,318,248,54 58,160,180,254,54 50,101,176,186,54 480,197,600,312,54 472,101,594,203,54 36,322,191,442,54 478,310,611,455,54 321,332,491,456,54 168,362,334,453,54 310,151,394,341,54
/home/ace428/Soham/yolov4-pytorch/VOCdevkit/VOC2007/JPEGImages/000000000142.jpg 256,88,416,342,39 0,226,480,452,60 106,374,378,566,46 74,376,438,640,48
/home/ace428/Soham/yolov4-pytorch/VOCdevkit/VOC2007/JPEGImages/000000000502.jpg 226,87,500,345,21
/home/ace428/Soham/yolov4-pytorch/VOCdevkit/VOC2007/JPEGImages/000000000074.jpg 61,276,358,379,16 2,3,162,316,1 295,93,313,152,0 326,97,340,122,0 356,95,372,147,0 462,105,493,146,0 277,103,292,150,0 282,103,294,127,0
/home/ace428/Soham/yolov4-pytorch/VOCdevkit/VOC2007/JPEGImages/000000000389.jpg 306,300,372,479,27 0,256,141,478,0 467,292,565,480,0 91,249,182,420,0 566,270,640,395,0 41,172,55,217,0 170,285,218,332,0 429,257,473,305,0 394,242,427,269,0 562,371,639,479,0 385,266,463,480,24 140,84,509,473,0 517,269,525,279,0 516,269,590,415,0
/home/ace428/Soham/yolov4-pytorch/VOCdevkit/VOC2007/JPEGImages/000000000569.jpg 88,269,168,414,0 188,205,218,236,33 170,216,186,249,33 145,229,168,252,33 134,239,160,263,33
/home/ace428/Soham/yolov4-pytorch/VOCdevkit/VOC2007/JPEGImages/000000000034.jpg 0,20,442,399,22
/home/ace428/Soham/yolov4-pytorch/VOCdevkit/VOC2007/JPEGImages/000000000143.jpg 426,192,558,368,14 128,104,223,271,14 265,126,365,289,14 243,271,340,391,14 114,319,206,480,14 35,20,131,153,14 120,237,234,371,14 468,320,562,475,14
/home/ace428/Soham/yolov4-pytorch/VOCdevkit/VOC2007/JPEGImages/000000000650.jpg 179,110,484,354,15 2,279,639,421,2
/home/ace428/Soham/yolov4-pytorch/VOCdevkit/VOC2007/JPEGImages/000000000599.jpg 528,5,639,242,58 0,37,413,402,15 439,198,618,285,65 389,167,587,227,65
/home/ace428/Soham/yolov4-pytorch/VOCdevkit/VOC2007/JPEGImages/000000000532.jpg 86,127,547,389,5 269,234,313,390,0 124,253,169,367,0 221,212,239,231,0 154,216,166,236,0 0,163,97,353,5 153,268,174,304,26 120,316,135,342,26
/home/ace428/Soham/yolov4-pytorch/VOCdevkit/VOC2007/JPEGImages/000000000394.jpg 0,16,625,588,16 235,185,590,477,29
/home/ace428/Soham/yolov4-pytorch/VOCdevkit/VOC2007/JPEGImages/000000000625.jpg 404,204,524,418,0 271,152,372,423,0 185,233,277,419,0 272,111,306,133,29
/home/ace428/Soham/yolov4-pytorch/VOCdevkit/VOC2007/JPEGImages/000000000071.jpg 467,216,495,231,2 522,223,547,235,2 436,217,460,226,2 586,231,613,245,2 47,185,531,305,6 497,223,520,235,2 601,216,618,222,2 333,192,357,202,7 362,197,386,204,7 617,237,640,250,2 479,219,503,232,2 387,200,403,205,2 366,196,386,204,2 348,198,368,203,2 499,219,519,225,2 460,217,479,228,2
/home/ace428/Soham/yolov4-pytorch/VOCdevkit/VOC2007/JPEGImages/000000000360.jpg 261,138,313,175,0 97,273,124,294,0 240,155,292,196,31
/home/ace428/Soham/yolov4-pytorch/VOCdevkit/VOC2007/JPEGImages/000000000127.jpg 213,49,278,120,58 107,147,639,481,60 381,221,567,345,41 300,286,405,445,43 346,276,431,358,44 179,263,305,404,55 257,194,386,286,73 0,148,64,230,13 157,86,201,102,13 294,0,398,104,25 131,3,164,58,25 111,123,581,286,26 444,8,466,44,0 106,99,171,148,13 196,147,249,183,13 265,95,479,118,60 104,1,132,46,25
/home/ace428/Soham/yolov4-pytorch/VOCdevkit/VOC2007/JPEGImages/000000000520.jpg 300,140,332,160,14 230,131,264,145,14 242,307,257,342,0 449,217,467,235,14 0,187,23,203,14 444,174,466,190,14 599,178,618,189,14 97,194,133,217,14 155,184,181,196,14 453,316,470,335,0 508,323,516,337,0
/home/ace428/Soham/yolov4-pytorch/VOCdevkit/VOC2007/JPEGImages/000000000400.jpg 417,148,515,227,16 1,64,638,542,8
/home/ace428/Soham/yolov4-pytorch/VOCdevkit/VOC2007/JPEGImages/000000000620.jpg 243,2,479,585,72 96,252,318,398,53
/home/ace428/Soham/yolov4-pytorch/VOCdevkit/VOC2007/JPEGImages/000000000431.jpg 153,67,311,319,0
/home/ace428/Soham/yolov4-pytorch/VOCdevkit/VOC2007/JPEGImages/000000000025.jpg 385,60,600,357,23 53,356,185,411,23
/home/ace428/Soham/yolov4-pytorch/VOCdevkit/VOC2007/JPEGImages/000000000133.jpg 13,2,640,421,59
/home/ace428/Soham/yolov4-pytorch/VOCdevkit/VOC2007/JPEGImages/000000000589.jpg 463,229,482,235,29 347,184,493,368,0
/home/ace428/Soham/yolov4-pytorch/VOCdevkit/VOC2007/JPEGImages/000000000149.jpg 388,324,397,337,0 339,316,346,329,0 333,315,339,329,0 401,325,416,338,0 434,192,452,207,33 280,252,290,258,33 435,82,446,95,33 293,208,315,218,33 559,317,566,336,0 538,315,543,330,0 278,311,288,317,2 311,316,321,321,2 295,316,303,320,2 256,321,275,328,2 62,340,104,353,33 384,274,422,290,33 274,326,282,339,0 544,317,549,333,0 586,321,590,331,0 249,316,255,339,0 233,315,241,339,0 220,313,227,340,0
/home/ace428/Soham/yolov4-pytorch/VOCdevkit/VOC2007/JPEGImages/000000000490.jpg 46,192,136,335,16 304,136,396,388,36
/home/ace428/Soham/yolov4-pytorch/VOCdevkit/VOC2007/JPEGImages/000000000486.jpg 391,175,454,285,72 392,274,640,426,69 623,233,639,271,39 223,192,230,244,43 498,278,521,303,39 83,219,88,248,39 235,200,239,217,43 252,299,383,388,45
/home/ace428/Soham/yolov4-pytorch/VOCdevkit/VOC2007/JPEGImages/000000000315.jpg 13,95,225,227,25 142,116,295,206,25 202,111,331,182,25 280,131,348,172,25 281,114,370,135,25 375,134,425,159,25 423,42,462,132,25 0,96,159,357,25 0,137,78,247,25 130,117,254,220,25 227,130,316,197,25 338,139,400,331,0 493,148,542,333,0 124,219,209,392,0 532,186,578,243,0 542,159,566,202,0 575,195,625,242,0 546,139,560,174,0 325,130,409,170,25 93,388,152,421,26 203,275,495,405,56 216,220,267,244,0 300,182,327,215,0 587,155,593,168,0 183,369,302,427,0 325,172,340,209,0 208,249,292,295,56 16,249,156,358,56 3,401,104,421,56 222,265,294,295,56 0,323,63,407,56 222,245,282,264,56 233,290,309,309,56 211,223,274,248,56 623,162,630,188,0 464,106,530,138,25 102,358,144,370,26 116,327,180,389,26
/home/ace428/Soham/yolov4-pytorch/VOCdevkit/VOC2007/JPEGImages/000000000560.jpg 54,126,109,188,58 79,194,194,260,71 219,152,249,156,71 303,143,343,180,61
/home/ace428/Soham/yolov4-pytorch/VOCdevkit/VOC2007/JPEGImages/000000000061.jpg 261,205,309,263,0 393,210,425,250,0 370,248,453,296,20 223,250,365,327,20 261,196,295,250,0
/home/ace428/Soham/yolov4-pytorch/VOCdevkit/VOC2007/JPEGImages/000000000042.jpg 214,41,562,285,16
/home/ace428/Soham/yolov4-pytorch/VOCdevkit/VOC2007/JPEGImages/000000000419.jpg 124,130,170,282,0 458,228,589,404,0 434,202,448,216,2 529,203,545,214,2 329,202,363,214,2
/home/ace428/Soham/yolov4-pytorch/VOCdevkit/VOC2007/JPEGImages/000000000626.jpg 312,124,353,166,74 396,129,417,176,74
/home/ace428/Soham/yolov4-pytorch/VOCdevkit/VOC2007/JPEGImages/000000000064.jpg 52,387,228,545,2 52,353,177,413,7 112,42,266,194,74
/home/ace428/Soham/yolov4-pytorch/VOCdevkit/VOC2007/JPEGImages/000000000564.jpg 230,335,377,614,0 430,203,520,297,0 62,234,106,256,56 108,232,154,257,56 202,230,250,256,56 245,307,301,336,56 135,258,185,288,56 88,256,139,282,56 39,260,86,284,56 13,235,61,258,56 412,304,473,350,56 325,279,377,300,56 303,307,354,334,56 233,228,299,306,56 152,232,201,274,56
/home/ace428/Soham/yolov4-pytorch/VOCdevkit/VOC2007/JPEGImages/000000000357.jpg 372,25,389,52,0 271,18,298,55,0 209,22,231,53,0 74,79,93,127,0 530,136,559,190,0 567,160,594,198,0 592,154,619,201,0 556,23,569,33,0 545,21,554,47,0 596,8,605,18,0 265,6,283,33,0 568,29,580,53,0 580,32,587,56,0
/home/ace428/Soham/yolov4-pytorch/VOCdevkit/VOC2007/JPEGImages/000000000164.jpg 389,183,397,210,39 374,189,381,210,39 367,184,374,212,39 383,187,390,211,39 433,280,452,311,39 428,171,525,309,72 463,282,473,319,39 399,161,409,178,39 373,135,384,150,39 404,132,414,148,39 415,131,425,148,39 159,409,310,479,56 146,233,173,254,41 114,236,137,256,41 176,232,196,248,41 196,228,216,244,41 506,221,562,232,45 377,227,430,257,68 274,263,321,297,69 159,231,181,252,41 512,134,528,155,41 532,139,547,153,41 506,146,512,154,41 169,203,187,222,41 133,233,149,253,41 505,211,535,216,45 505,219,562,223,45 509,215,561,220,45 506,212,562,218,45 362,171,376,180,45 372,459,509,474,60
/home/ace428/Soham/yolov4-pytorch/VOCdevkit/VOC2007/JPEGImages/000000000089.jpg 502,105,528,237,43 476,127,496,233,43 528,99,555,237,43 555,100,576,239,43 573,96,600,239,43 138,202,474,472,69 0,43,118,188,68 476,333,567,364,73 497,365,611,398,73 513,402,640,452,73
/home/ace428/Soham/yolov4-pytorch/VOCdevkit/VOC2007/JPEGImages/000000000472.jpg
/home/ace428/Soham/yolov4-pytorch/VOCdevkit/VOC2007/JPEGImages/000000000332.jpg 88,0,262,71,41 587,0,640,149,41 3,37,640,474,45 168,80,478,330,51 393,0,514,52,41 0,325,24,471,42 59,262,167,378,51
/home/ace428/Soham/yolov4-pytorch/VOCdevkit/VOC2007/JPEGImages/000000000328.jpg 44,68,268,424,0 197,90,403,479,0 336,58,586,484,0 0,104,588,479,13 245,220,332,258,73 350,77,451,142,2 462,177,480,221,27 315,171,337,229,27 12,171,131,250,24 49,160,134,208,24
/home/ace428/Soham/yolov4-pytorch/VOCdevkit/VOC2007/JPEGImages/000000000196.jpg 249,200,460,249,44 448,363,471,406,51 391,374,415,428,51 442,375,449,401,51 412,404,468,435,51 533,250,607,372,44 517,213,615,256,44 230,42,301,86,44 546,251,617,332,44 464,390,586,478,44 275,58,404,120,45 423,236,568,349,45 513,315,640,458,45 234,197,404,284,45 363,337,524,476,45 332,157,464,226,45 341,115,492,180,45 189,72,278,105,45 361,47,454,110,45 199,254,217,285,50 280,393,318,422,50 170,269,191,298,50 462,401,488,433,51 415,417,428,449,51 0,41,640,480,60 210,407,295,473,42 457,121,501,150,44 115,88,211,127,45 33,109,151,169,45 0,145,71,219,45 115,340,155,366,50 379,413,415,443,51 577,377,589,392,51 372,388,404,416,51 168,359,210,401,51 420,373,443,396,51 434,446,454,457,51 526,129,546,139,44 250,325,274,346,50 288,290,306,323,50 150,262,167,276,50 0,188,172,280,45
/home/ace428/Soham/yolov4-pytorch/VOCdevkit/VOC2007/JPEGImages/000000000257.jpg 176,362,226,417,24 249,277,454,400,7 508,304,639,368,7 139,345,211,480,0 236,326,265,406,0 211,332,233,392,0 264,330,280,403,0 287,337,320,414,0 570,327,585,370,0 125,325,135,362,0 316,334,336,408,0 77,326,97,374,0 138,325,153,364,0 225,327,240,396,0 208,340,219,360,24 306,360,319,373,26 190,330,211,370,0 519,323,640,480,7 55,301,196,360,7 473,320,498,334,7 93,344,99,356,26 537,328,551,368,0 208,341,220,370,26 472,340,478,345,26
/home/ace428/Soham/yolov4-pytorch/VOCdevkit/VOC2007/JPEGImages/000000000308.jpg 134,28,268,424,0 0,47,185,426,0 45,15,208,281,0 111,78,145,166,0 381,23,556,419,0 0,236,119,421,0 345,73,395,249,0 436,237,449,250,74 276,63,363,137,25
/home/ace428/Soham/yolov4-pytorch/VOCdevkit/VOC2007/JPEGImages/000000000309.jpg 420,71,512,195,16
/home/ace428/Soham/yolov4-pytorch/VOCdevkit/VOC2007/JPEGImages/000000000144.jpg 232,121,599,480,23 193,131,493,479,23 48,79,442,480,23
/home/ace428/Soham/yolov4-pytorch/VOCdevkit/VOC2007/JPEGImages/000000000049.jpg 162,226,292,410,17 81,244,165,403,17 203,260,269,333,0 118,261,175,324,0 119,334,131,367,0 201,426,272,473,58 284,333,295,360,0 191,334,198,357,0 346,333,361,342,0
/home/ace428/Soham/yolov4-pytorch/VOCdevkit/VOC2007/JPEGImages/000000000459.jpg 162,278,224,518,27 0,84,514,632,0
/home/ace428/Soham/yolov4-pytorch/VOCdevkit/VOC2007/JPEGImages/000000000404.jpg 54,359,368,446,8 192,359,391,405,8 252,354,409,383,8 263,357,349,374,8 272,355,297,366,8
/home/ace428/Soham/yolov4-pytorch/VOCdevkit/VOC2007/JPEGImages/000000000081.jpg
/home/ace428/Soham/yolov4-pytorch/VOCdevkit/VOC2007/JPEGImages/000000000382.jpg 507,363,561,444,0 492,432,570,457,30 517,365,534,388,24
/home/ace428/Soham/yolov4-pytorch/VOCdevkit/VOC2007/JPEGImages/000000000338.jpg 217,149,313,327,72 458,88,481,113,74 326,142,417,325,0 439,173,496,327,0 24,243,163,322,69 465,231,490,270,26
/home/ace428/Soham/yolov4-pytorch/VOCdevkit/VOC2007/JPEGImages/000000000395.jpg 118,138,551,573,0 0,207,80,486,0 77,270,159,475,0 515,200,640,580,0 108,232,147,279,0 140,239,222,349,0 412,194,445,300,0 428,206,472,319,0 159,332,220,399,0 54,214,103,341,0 448,253,518,342,0
/home/ace428/Soham/yolov4-pytorch/VOCdevkit/VOC2007/JPEGImages/000000000359.jpg 0,290,123,327,2
/home/ace428/Soham/yolov4-pytorch/VOCdevkit/VOC2007/JPEGImages/000000000428.jpg 374,200,469,355,27 226,32,582,355,0 405,234,580,356,55
/home/ace428/Soham/yolov4-pytorch/VOCdevkit/VOC2007/JPEGImages/000000000634.jpg 57,264,348,474,0 154,446,316,500,36 149,16,171,47,0 338,0,427,114,0 176,17,197,41,0 78,38,103,67,0
/home/ace428/Soham/yolov4-pytorch/VOCdevkit/VOC2007/JPEGImages/000000000529.jpg 108,76,337,487,0 25,97,297,294,0
/home/ace428/Soham/yolov4-pytorch/VOCdevkit/VOC2007/JPEGImages/000000000109.jpg 539,295,562,313,16 512,271,534,304,0 585,268,604,291,0 548,249,552,257,0 376,261,411,285,13 448,281,488,304,13 74,197,80,213,0 604,271,613,282,0
/home/ace428/Soham/yolov4-pytorch/VOCdevkit/VOC2007/JPEGImages/000000000201.jpg 333,31,488,394,31 284,17,430,379,31 266,48,361,343,31 242,53,328,346,31 211,46,294,333,31 615,195,627,212,0 585,194,597,212,0 268,63,362,358,31
/home/ace428/Soham/yolov4-pytorch/VOCdevkit/VOC2007/JPEGImages/000000000154.jpg 11,315,361,640,22 40,192,314,332,22 239,93,338,157,22
/home/ace428/Soham/yolov4-pytorch/VOCdevkit/VOC2007/JPEGImages/000000000536.jpg 288,138,444,334,56 292,133,448,332,0 169,79,277,335,0 88,68,186,332,0 22,258,66,336,26 202,185,271,249,26 343,235,389,247,26 0,141,83,336,56
/home/ace428/Soham/yolov4-pytorch/VOCdevkit/VOC2007/JPEGImages/000000000110.jpg 138,133,237,213,56 243,137,327,256,56 294,367,484,480,42 274,360,291,480,43 136,391,474,474,53 119,75,263,151,60 208,0,640,474,0 1,128,252,409,0 248,1,376,138,0 196,0,264,94,0 141,2,222,88,0 0,0,130,174,0 131,0,162,55,0 406,1,441,85,0 184,79,203,97,41 0,134,45,303,56 413,78,436,91,56 584,100,640,136,60 263,0,277,29,0 335,0,415,93,0 3,377,639,479,60 163,77,181,101,41 209,80,229,96,41 228,75,244,99,41
/home/ace428/Soham/yolov4-pytorch/VOCdevkit/VOC2007/JPEGImages/000000000370.jpg 90,24,480,640,0 242,257,480,501,50
/home/ace428/Soham/yolov4-pytorch/VOCdevkit/VOC2007/JPEGImages/000000000326.jpg 152,90,517,426,0
/home/ace428/Soham/yolov4-pytorch/VOCdevkit/VOC2007/JPEGImages/000000000151.jpg 434,61,465,114,0 210,4,480,640,6
/home/ace428/Soham/yolov4-pytorch/VOCdevkit/VOC2007/JPEGImages/000000000629.jpg
/home/ace428/Soham/yolov4-pytorch/VOCdevkit/VOC2007/JPEGImages/000000000436.jpg 7,2,427,628,0 219,237,323,309,54
/home/ace428/Soham/yolov4-pytorch/VOCdevkit/VOC2007/JPEGImages/000000000443.jpg 198,53,571,433,15 117,1,637,473,0 488,2,640,305,0 500,194,640,347,65 2,152,145,464,0
/home/ace428/Soham/yolov4-pytorch/VOCdevkit/VOC2007/JPEGImages/000000000073.jpg
/home/ace428/Soham/yolov4-pytorch/VOCdevkit/VOC2007/JPEGImages/000000000260.jpg 2,93,68,251,5 261,139,312,309,0 17,142,40,170,0 238,175,271,190,2 332,232,375,293,28 373,222,402,292,28 334,205,395,245,28
/home/ace428/Soham/yolov4-pytorch/VOCdevkit/VOC2007/JPEGImages/000000000572.jpg 139,58,285,599,0 70,254,199,601,0 289,378,426,600,28
/home/ace428/Soham/yolov4-pytorch/VOCdevkit/VOC2007/JPEGImages/000000000446.jpg 75,124,358,640,0 334,367,379,385,65 259,402,269,472,73 70,170,77,186,73 31,164,41,193,73 26,164,35,193,73 37,164,65,194,73 12,98,107,144,73 82,63,96,92,73 415,276,473,361,58 374,221,436,319,58 426,177,480,281,58
/home/ace428/Soham/yolov4-pytorch/VOCdevkit/VOC2007/JPEGImages/000000000241.jpg 36,553,65,640,39 132,6,333,632,0 1,263,207,611,0 295,263,402,520,0 103,595,154,639,41 0,596,43,640,41 117,321,161,343,65 343,469,409,543,26 0,372,45,576,0 395,337,480,568,0 90,71,200,272,58 134,350,184,422,58
/home/ace428/Soham/yolov4-pytorch/VOCdevkit/VOC2007/JPEGImages/000000000605.jpg 0,2,640,480,60 290,123,515,298,41 260,203,319,301,44 409,30,552,172,41
/home/ace428/Soham/yolov4-pytorch/VOCdevkit/VOC2007/JPEGImages/000000000077.jpg 216,56,319,175,0 320,53,415,151,0 41,320,92,344,36 236,140,263,169,36 24,167,121,332,0 286,101,311,143,0 355,141,379,156,36 266,58,289,140,0
/home/ace428/Soham/yolov4-pytorch/VOCdevkit/VOC2007/JPEGImages/000000000542.jpg 222,189,291,375,0 149,209,197,375,0 452,195,492,355,0 356,211,403,345,0 317,211,357,343,0 296,206,329,349,0 185,212,229,348,0 454,130,497,224,0 267,118,335,194,0 278,214,309,350,0 180,277,198,305,26 189,265,208,291,26 466,224,468,234,27 483,262,503,292,26 441,127,460,153,0 281,219,296,294,0
/home/ace428/Soham/yolov4-pytorch/VOCdevkit/VOC2007/JPEGImages/000000000368.jpg 165,107,394,379,0 157,81,211,190,0 64,198,121,233,0 135,148,175,230,0 270,71,307,153,0 424,138,468,237,0 285,122,361,360,0 362,137,399,235,0 80,136,109,202,0 65,138,83,201,0 214,120,234,149,0 0,137,18,230,0
/home/ace428/Soham/yolov4-pytorch/VOCdevkit/VOC2007/JPEGImages/000000000092.jpg 418,118,583,427,42 125,0,501,293,55
/home/ace428/Soham/yolov4-pytorch/VOCdevkit/VOC2007/JPEGImages/000000000450.jpg 562,0,640,192,41 0,13,566,471,53 0,1,640,480,60
/home/ace428/Soham/yolov4-pytorch/VOCdevkit/VOC2007/JPEGImages/000000000531.jpg 48,268,74,285,1 262,248,302,337,0 18,271,43,286,1 82,256,120,321,0 251,253,263,279,0 216,255,226,278,0 446,246,459,281,0 504,244,516,276,0 389,256,401,277,0 6,258,28,294,0 628,266,639,275,1
/home/ace428/Soham/yolov4-pytorch/VOCdevkit/VOC2007/JPEGImages/000000000094.jpg 356,275,399,313,2 542,263,624,356,7
/home/ace428/Soham/yolov4-pytorch/VOCdevkit/VOC2007/JPEGImages/000000000192.jpg 349,253,481,473,0 437,218,515,466,0 0,274,37,479,0 268,179,379,415,0
/home/ace428/Soham/yolov4-pytorch/VOCdevkit/VOC2007/JPEGImages/000000000322.jpg 71,110,277,386,0 282,205,325,218,29
